.06050,.06846,.04429,.0432,.07115,.02291,.05204,.01542
.06846,.12849,.06607,.04942,.07991,.04689,.03170,.04569
.04429,.06607,.05316,.04265,.07090,.02854,.05923,.01683
.0432,.04942,.04265,.14902,.07266,.09862,.11609,.07362
.07115,.07991,.07090,.07266,.14224,.04073,.08510,.02311
.02291,.04689,.02854,.09862,.04073,.06544,.07143,.04934
.05204,.03170,.05923,.11609,.08510,.07143,.05138,.04071
.01542,.04569,.01683,.07362,.02311,.04934,.04071,.03629
