1.03,0.10,0.47,-1.55,0.65,-1.08,0.59,0.39,-1.01,-1.59
0.10,2.07,1.42,-0.97,2.20,1.15,1.79,0.70,-0.08,-0.74
0.47,1.42,2.57,0.58,3.11,1.28,2.57,0.58,-0.39,-1.36
-1.55,-0.97,0.58,6.17,2.12,4.22,0.18,0.43,2.62,1.90
0.65,2.20,3.11,2.12,6.84,3.15,3.38,2.22,0.48,-3.12
-1.08,1.15,1.28,4.22,3.15,4.94,1.54,0.21,2.63,1.89
0.59,1.79,2.57,0.18,3.38,1.54,3.58,-0.02,-0.42,-1.25
0.39,0.70,0.58,0.43,2.22,0.21,-0.02,1.55,-0.02,-1.83
-1.01,-0.08,-0.39,2.62,0.48,2.63,-0.42,-0.02,1.86,1.96
-1.59,-0.74,-1.36,1.90,-3.12,1.89,-1.25,-1.83,1.96,4.68
