12.10,3.51,1.50,1.03,1.79,1.61
3.51,9.07,-3.85,0.95,2.44,-1.48
1.50,-3.85,21.84,-0.46,-1.31,2.71
1.03,0.95,-0.46,0.90,0.80,0.09
1.79,2.44,-1.31,0.80,1.96,0.02
1.61,-1.48,2.71,0.09,0.02,5.79
