0.236,0.111,0.089,0.092,0.182,0.140,0.081
0.111,0.284,0.075,0.035,0.159,0.067,0.028
0.089,0.075,0.519,0.069,0.240,0.224,0.129
0.092,0.035,0.069,0.423,0.104,0.202,0.043
0.182,0.159,0.240,0.104,0.594,0.202,0.220
0.140,0.067,0.224,0.202,0.202,0.416,0.111
0.081,0.028,0.129,0.043,0.220,0.111,0.120
