0.324,0.182,0.105,0.083,0.192,0.219,0.148
0.182,0.251,0.181,0.003,0.185,0.114,0.126
0.105,0.181,0.550,-0.032,0.228,0.112,0.196
0.083,0.003,-0.032,0.428,0.127,0.285,0.153
0.192,0.185,0.228,0.127,0.484,0.275,0.323
0.219,0.114,0.112,0.285,0.275,0.519,0.256
0.148,0.126,0.196,0.153,0.323,0.256,0.408
