0.113,0.097,0.053,-0.086,-0.167,0.034,0.014,0.166,0.035
0.097,0.083,0.046,-0.074,-0.144,0.030,0.012,0.143,0.030
0.053,0.046,0.066,-0.041,0.128,-0.026,-0.011,-0.127,-0.026
-0.086,-0.074,-0.041,0.025,-0.079,0.016,0.007,0.079,0.016
-0.167,-0.144,0.128,-0.079,0.248,-0.051,-0.021,-0.247,-0.051
0.034,0.030,-0.026,0.016,-0.051,0.011,0.004,0.051,0.011
0.014,0.012,-0.011,0.007,-0.021,0.004,0.002,0.021,0.004
0.166,0.143,-0.127,0.079,-0.247,0.051,0.021,0.245,0.051
0.035,0.030,-0.026,0.016,-0.051,0.011,0.004,0.051,0.011
