0.008872,0.008572,0.005284,0.009596,0.007596,0.008904,-0.0216,0.007276
0.008572,0.008708,0.005688,0.00838,0.00744,0.00848,-0.00232,0.006788
0.005284,0.005688,0.005848,0.005044,0.004892,0.00502,-0.00192,0.003752
0.009596,0.00838,0.005044,0.01388,0.008364,0.010368,-0.00388,0.007912
0.007596,0.00744,0.004892,0.008364,0.010148,0.008936,0.002792,0.007156
0.008904,0.00848,0.00502,0.010368,0.008936,0.010036,-0.00076,0.00812
-0.0216,-0.00232,-0.00192,-0.00388,0.002792,-0.00076,0.007788,-0.00088
0.007276,0.006788,0.003752,0.007912,0.007156,0.00812,-0.00088,0.008656
