7.12,2.09,0.77,0.63,1.14,0.60
2.09,6.25,-3.60,0.62,1.51,-1.10
0.77,-3.60,15.37,-0.26,-0.91,2.07
0.63,0.62,-0.26,0.63,0.54,0.11
1.14,1.51,-0.91,0.54,1.32,0.05
0.60,-1.10,2.07,0.11,0.05,3.78
